
Theta ,	Phi ,	Horizontal ,	Vertical ,	Total
0,	0  ,	-24.4598  ,	-2.29056  ,	-2.26428  ,	0.0270683  ,	0.832969  ,	0.00212478  ,	97.8615
9,	0  ,	-26.2505  ,	-2.22244  ,	-2.20529  ,	0.027226  ,	-2.77112  ,	0.00245622  ,	132.799
18,	0  ,	-30.3682  ,	-2.39074  ,	-2.38382  ,	0.0265866  ,	-12.3521  ,	0.00321623  ,	148.121
27,	0  ,	-40.6603  ,	-2.90324  ,	-2.90251  ,	0.0249367  ,	-26.8794  ,	0.00382281  ,	148.163
36,	0  ,	-42.9195  ,	-3.95017  ,	-3.94962  ,	0.0220133  ,	-45.1707  ,	0.0039387  ,	138.553
45,	0  ,	-38.2279  ,	-5.79834  ,	-5.79586  ,	0.0177408  ,	-66.3722  ,	0.0034896  ,	120.876
54,	0  ,	-48.6551  ,	-8.81448  ,	-8.81403  ,	0.0124898  ,	-90.2792  ,	0.00267701  ,	92.5695
63,	0  ,	-36.4533  ,	-13.5885  ,	-13.5661  ,	0.00710711  ,	-118.023  ,	0.00202881  ,	46.2527
72,	0  ,	-31.327  ,	-20.4176  ,	-20.0789  ,	0.00271952  ,	-157.017  ,	0.00219036  ,	-9.64829
81,	0  ,	-39.9523  ,	-21.3859  ,	-21.3259  ,	0.000817501  ,	102.484  ,	0.00291234  ,	-50.9599
0,	9  ,	-24.4598  ,	-2.29056  ,	-2.26428  ,	0.0266964  ,	1.541  ,	0.00495068  ,	155.953
9,	9  ,	-26.0635  ,	-2.23895  ,	-2.22098  ,	0.0265779  ,	-2.07992  ,	0.00618121  ,	161.026
18,	9  ,	-29.6441  ,	-2.44727  ,	-2.439  ,	0.025696  ,	-11.7226  ,	0.00691787  ,	158.279
27,	9  ,	-37.398  ,	-3.02667  ,	-3.02509  ,	0.0238999  ,	-26.389  ,	0.00689475  ,	149.496
36,	9  ,	-52.9149  ,	-4.16072  ,	-4.16066  ,	0.0209884  ,	-44.8796  ,	0.0059889  ,	135.913
45,	9  ,	-41.4585  ,	-6.1027  ,	-6.10144  ,	0.0169024  ,	-66.2592  ,	0.00435999  ,	117.787
54,	9  ,	-50.511  ,	-9.20411  ,	-9.20379  ,	0.0119536  ,	-90.1811  ,	0.00250316  ,	92.2766
63,	9  ,	-39.1173  ,	-14.0748  ,	-14.0612  ,	0.00687401  ,	-117.511  ,	0.00122052  ,	43.5782
72,	9  ,	-33.2506  ,	-21.7884  ,	-21.4888  ,	0.0026738  ,	-154.744  ,	0.00128996  ,	-14.3367
81,	9  ,	-37.3157  ,	-24.3212  ,	-24.1086  ,	0.000758091  ,	108.5  ,	0.00206072  ,	-30.3281
0,	18  ,	-24.4598  ,	-2.29056  ,	-2.26428  ,	0.0256714  ,	2.28756  ,	0.0088423  ,	167.723
9,	18  ,	-25.8323  ,	-2.27069  ,	-2.2516  ,	0.0252619  ,	-1.30272  ,	0.0100597  ,	167.614
18,	18  ,	-28.7903  ,	-2.55605  ,	-2.54573  ,	0.0241373  ,	-10.9547  ,	0.0104087  ,	161.353
27,	18  ,	-34.3652  ,	-3.26197  ,	-3.2586  ,	0.022209  ,	-25.7148  ,	0.00964937  ,	149.918
36,	18  ,	-46.2725  ,	-4.56615  ,	-4.56586  ,	0.0193438  ,	-44.3852  ,	0.00773053  ,	134.249
45,	18  ,	-56.5716  ,	-6.69999  ,	-6.69994  ,	0.0155128  ,	-65.9655  ,	0.00498292  ,	114.666
54,	18  ,	-56.6995  ,	-9.96056  ,	-9.96047  ,	0.0109794  ,	-89.9816  ,	0.00218123  ,	88.6383
63,	18  ,	-40.2551  ,	-14.8661  ,	-14.8536  ,	0.00635514  ,	-117.087  ,	0.000474235  ,	16.6517
72,	18  ,	-38.0923  ,	-22.9202  ,	-22.7901  ,	0.00250672  ,	-153.183  ,	0.000497728  ,	-35.5238
81,	18  ,	-34.4415  ,	-25.8592  ,	-25.2955  ,	0.000702187  ,	113.815  ,	0.00178192  ,	7.27167
0,	27  ,	-24.4598  ,	-2.29056  ,	-2.26428  ,	0.0240191  ,	3.11734  ,	0.0126606  ,	172.298
9,	27  ,	-25.5709  ,	-2.31545  ,	-2.29497  ,	0.0233344  ,	-0.387477  ,	0.0136938  ,	170.595
18,	27  ,	-27.8897  ,	-2.70952  ,	-2.69636  ,	0.0219977  ,	-9.98197  ,	0.013546  ,	162.953
27,	27  ,	-31.7678  ,	-3.59736  ,	-3.59075  ,	0.0199767  ,	-24.7602  ,	0.0120047  ,	150.175
36,	27  ,	-37.3195  ,	-5.16106  ,	-5.15842  ,	0.0172021  ,	-43.5428  ,	0.00909306  ,	133.037
45,	27  ,	-42.0695  ,	-7.61078  ,	-7.60922  ,	0.0136818  ,	-65.2867  ,	0.00530417  ,	111.495
54,	27  ,	-41.0107  ,	-11.1296  ,	-11.1251  ,	0.00964408  ,	-89.4164  ,	0.00168011  ,	79.6652
63,	27  ,	-39.3225  ,	-15.9491  ,	-15.9292  ,	0.00558627  ,	-116.435  ,	0.000704655  ,	-83.5012
72,	27  ,	-50.836  ,	-23.7863  ,	-23.7777  ,	0.00222041  ,	-152.03  ,	0.000522192  ,	-140.557
81,	27  ,	-34.9025  ,	-23.7216  ,	-23.4027  ,	0.000648999  ,	117.713  ,	0.0022915  ,	39.6846
0,	36  ,	-24.4598  ,	-2.29056  ,	-2.26428  ,	0.0217812  ,	4.09534  ,	0.0162107  ,	174.792
9,	36  ,	-25.2936  ,	-2.37011  ,	-2.34801  ,	0.020867  ,	0.743071  ,	0.0169617  ,	172.395
18,	36  ,	-27.0063  ,	-2.89698  ,	-2.88015  ,	0.0193783  ,	-8.70623  ,	0.0162548  ,	164.052
27,	36  ,	-29.6128  ,	-4.0154  ,	-4.00345  ,	0.017329  ,	-23.3876  ,	0.0139156  ,	150.457
36,	36  ,	-32.6616  ,	-5.9366  ,	-5.92737  ,	0.0147031  ,	-42.1494  ,	0.0100489  ,	132.183
45,	36  ,	-34.6721  ,	-8.87181  ,	-8.8604  ,	0.0115428  ,	-63.9347  ,	0.00530961  ,	108.323
54,	36  ,	-35.1173  ,	-12.7702  ,	-12.745  ,	0.00805244  ,	-88.1082  ,	0.00107442  ,	56.5244
63,	36  ,	-38.3209  ,	-17.1069  ,	-17.0742  ,	0.00463004  ,	-115.106  ,	0.00170837  ,	-99.695
72,	36  ,	-48.2045  ,	-23.9015  ,	-23.8855  ,	0.00183531  ,	-150.874  ,	0.00130654  ,	-158.256
81,	36  ,	-36.4558  ,	-21.0338  ,	-20.911  ,	0.000595656  ,	119.884  ,	0.00311652  ,	56.6255
0,	45  ,	-24.4598  ,	-2.29056  ,	-2.26428  ,	0.0190149  ,	5.33075  ,	0.0193815  ,	176.42
9,	45  ,	-25.0141  ,	-2.43086  ,	-2.40697  ,	0.0179428  ,	2.22139  ,	0.0197848  ,	173.685
18,	45  ,	-26.1839  ,	-3.10496  ,	-3.08364  ,	0.0163866  ,	-6.95991  ,	0.0184915  ,	164.955
27,	45  ,	-27.853  ,	-4.49145  ,	-4.47147  ,	0.0143948  ,	-21.3688  ,	0.015371  ,	150.845
36,	45  ,	-29.6021  ,	-6.87538  ,	-6.85226  ,	0.0119893  ,	-39.877  ,	0.0106105  ,	131.703
45,	45  ,	-30.7581  ,	-10.5452  ,	-10.504  ,	0.00923737  ,	-61.4403  ,	0.00502356  ,	105.245
54,	45  ,	-32.3368  ,	-14.9161  ,	-14.8382  ,	0.00632559  ,	-85.4189  ,	0.000862376  ,	-4.45769
63,	45  ,	-40.6886  ,	-17.734  ,	-17.7121  ,	0.00356903  ,	-112.298  ,	0.00287933  ,	-103.966
72,	45  ,	-44.0216  ,	-22.6874  ,	-22.6555  ,	0.00138743  ,	-148.99  ,	0.00219363  ,	-159.852
81,	45  ,	-38.1274  ,	-19.0519  ,	-18.9985  ,	0.000540217  ,	120.679  ,	0.00391735  ,	66.399
0,	54  ,	-24.4598  ,	-2.29056  ,	-2.26428  ,	0.0157924  ,	7.03478  ,	0.0220864  ,	177.616
9,	54  ,	-24.7445  ,	-2.49353  ,	-2.46774  ,	0.0146536  ,	4.30963  ,	0.0221074  ,	174.72
18,	54  ,	-25.4502  ,	-3.31781  ,	-3.29132  ,	0.0131315  ,	-4.40772  ,	0.0202365  ,	165.788
27,	54  ,	-26.4356  ,	-4.99209  ,	-4.96106  ,	0.0112975  ,	-18.2527  ,	0.016388  ,	151.381
36,	54  ,	-27.4366  ,	-7.94157  ,	-7.89306  ,	0.0091959  ,	-36.0874  ,	0.0108231  ,	131.649
45,	54  ,	-28.3295  ,	-12.7367  ,	-12.6185  ,	0.00690567  ,	-56.8793  ,	0.00450099  ,	102.429
54,	54  ,	-32.981  ,	-17.3349  ,	-17.2181  ,	0.00459291  ,	-80.0279  ,	0.00157057  ,	-48.3666
63,	54  ,	-71.1569  ,	-17.2461  ,	-17.246  ,	0.00250086  ,	-106.203  ,	0.00414203  ,	-106.464
72,	54  ,	-43.9296  ,	-20.6026  ,	-20.5825  ,	0.000924426  ,	-144.569  ,	0.00316291  ,	-159.166
81,	54  ,	-39.9243  ,	-17.6975  ,	-17.6715  ,	0.00048253  ,	121.258  ,	0.00458181  ,	73.6517
0,	63  ,	-24.4598  ,	-2.29056  ,	-2.26428  ,	0.0122026  ,	9.69066  ,	0.024255  ,	178.571
9,	63  ,	-24.4951  ,	-2.55387  ,	-2.52618  ,	0.0111016  ,	7.62414  ,	0.0238918  ,	175.623
18,	63  ,	-24.8215  ,	-3.51874  ,	-3.48668  ,	0.00972498  ,	-0.241778  ,	0.021489  ,	166.611
27,	63  ,	-25.3171  ,	-5.47471  ,	-5.4299  ,	0.00815793  ,	-12.9385  ,	0.017003  ,	152.085
36,	63  ,	-25.8654  ,	-9.06253  ,	-8.97279  ,	0.00645549  ,	-29.2153  ,	0.0107532  ,	132.077
45,	63  ,	-26.7329  ,	-15.6309  ,	-15.3064  ,	0.00469287  ,	-47.9527  ,	0.00381689  ,	100.173
54,	63  ,	-48.6472  ,	-18.9955  ,	-18.9908  ,	0.00300242  ,	-68.5059  ,	0.00257893  ,	-64.6916
63,	63  ,	-38.1456  ,	-15.9528  ,	-15.9267  ,	0.00155043  ,	-91.6899  ,	0.00541455  ,	-108.656
72,	63  ,	-43.6538  ,	-18.456  ,	-18.4429  ,	0.000507937  ,	-131.119  ,	0.00418493  ,	-158.388
81,	63  ,	-41.6346  ,	-16.774  ,	-16.7599  ,	0.000424305  ,	123.697  ,	0.00509939  ,	80.1252
0,	72  ,	-24.4598  ,	-2.29056  ,	-2.26428  ,	0.0083614  ,	14.7115  ,	0.0258321  ,	179.387
9,	72  ,	-24.2736  ,	-2.60796  ,	-2.57846  ,	0.00741401  ,	14.0314  ,	0.0251156  ,	176.456
18,	72  ,	-24.3064  ,	-3.69132  ,	-3.65379  ,	0.00630573  ,	8.07711  ,	0.0222619  ,	167.453
27,	72  ,	-24.4678  ,	-5.88985  ,	-5.83001  ,	0.00513175  ,	-1.86634  ,	0.0172632  ,	152.961
36,	72  ,	-24.7544  ,	-10.1032  ,	-9.95687  ,	0.00395347  ,	-14.1631  ,	0.0104776  ,	133.026
45,	72  ,	-25.509  ,	-19.5304  ,	-18.5528  ,	0.00282625  ,	-27.3545  ,	0.0030561  ,	99.0574
54,	72  ,	-31.8695  ,	-19.0939  ,	-18.8705  ,	0.00181397  ,	-40.667  ,	0.00357977  ,	-73.4327
63,	72  ,	-32.9538  ,	-14.5259  ,	-14.464  ,	0.000961101  ,	-54.9617  ,	0.0065955  ,	-110.853
72,	72  ,	-42.5088  ,	-16.6347  ,	-16.6235  ,	0.000273367  ,	-83.1613  ,	0.00519081  ,	-158.123
81,	72  ,	-42.599  ,	-16.1128  ,	-16.1031  ,	0.000372108  ,	130.913  ,	0.00550639  ,	86.2532
0,	81  ,	-24.4598  ,	-2.29056  ,	-2.26428  ,	0.00448996  ,	28.4715  ,	0.0267778  ,	-179.873
9,	81  ,	-24.0858  ,	-2.65252  ,	-2.62141  ,	0.0038654  ,	32.2807  ,	0.0257696  ,	177.261
18,	81  ,	-23.9089  ,	-3.8215  ,	-3.77915  ,	0.00323048  ,	32.6902  ,	0.0225762  ,	168.33
27,	81  ,	-23.8689  ,	-6.18873  ,	-6.11527  ,	0.00269715  ,	31.1302  ,	0.017218  ,	153.996
36,	81  ,	-24.0754  ,	-10.8578  ,	-10.6555  ,	0.00230597  ,	27.8315  ,	0.0100725  ,	134.496
45,	81  ,	-25.4674  ,	-23.3459  ,	-21.2681  ,	0.00198734  ,	21.2425  ,	0.00230721  ,	100.273
54,	81  ,	-26.8411  ,	-17.9956  ,	-17.463  ,	0.00160322  ,	9.79015  ,	0.00443839  ,	-79.5043
63,	81  ,	-30.7866  ,	-13.3459  ,	-13.2683  ,	0.00105991  ,	-7.05682  ,	0.00757499  ,	-113.103
72,	81  ,	-41.1632  ,	-15.2551  ,	-15.2439  ,	0.000380367  ,	-32.6904  ,	0.00608086  ,	-158.512
81,	81  ,	-42.1137  ,	-15.602  ,	-15.5923  ,	0.000343946  ,	145.251  ,	0.00584309  ,	91.7644
